# Custom Graph Network (Testing)
# Nodes: 500 Edges: 500
0   33
33   0
0   338
338   0
1   493
493   1
1   89
89   1
2   74
74   2
2   442
442   2
3   403
403   3
3   281
281   3
4   427
427   4
4   99
99   4
5   485
485   5
5   30
30   5
6   449
449   6
6   401
401   6
7   254
254   7
7   461
461   7
8   221
221   8
8   52
52   8
9   161
161   9
9   203
203   9
9   311
311   9
9   345
345   9
10   335
335   10
10   72
72   10
10   293
293   10
10   308
308   10
11   13
13   11
11   334
334   11
11   371
371   11
12   242
242   12
13   11
11   13
13   172
172   13
13   379
379   13
14   455
455   14
14   304
304   14
15   370
370   15
15   92
92   15
15   185
185   15
15   387
387   15
16   280
280   16
17   443
443   17
18   187
187   18
18   107
107   18
18   395
395   18
19   159
159   19
20   221
221   20
21   185
185   21
21   316
316   21
22   349
349   22
22   258
258   22
22   385
385   22
22   394
394   22
23   229
229   23
24   269
269   24
25   80
80   25
25   71
71   25
26   96
96   26
26   365
365   26
27   382
382   27
28   235
235   28
28   453
453   28
29   360
360   29
30   5
5   30
30   187
187   30
31   277
277   31
32   150
150   32
32   148
148   32
32   193
193   32
33   0
0   33
33   225
225   33
33   260
260   33
33   406
406   33
34   70
70   34
34   207
207   34
34   462
462   34
35   144
144   35
36   163
163   36
36   48
48   36
36   445
445   36
36   331
331   36
36   340
340   36
37   161
161   37
37   269
269   37
37   386
386   37
38   291
291   38
38   498
498   38
39   216
216   39
40   426
426   40
40   378
378   40
41   103
103   41
41   197
197   41
41   276
276   41
42   112
112   42
43   121
121   43
43   354
354   43
44   307
307   44
44   334
334   44
45   107
107   45
45   63
63   45
46   378
378   46
46   248
248   46
46   416
416   46
46   427
427   46
47   225
225   47
47   79
79   47
48   36
36   48
49   111
111   49
50   442
442   50
50   113
113   50
51   486
486   51
51   405
405   51
52   8
8   52
52   332
332   52
53   446
446   53
53   407
407   53
54   368
368   54
54   58
58   54
55   192
192   55
55   227
227   55
55   433
433   55
56   391
391   56
56   389
389   56
56   399
399   56
57   235
235   57
57   256
256   57
58   54
54   58
58   180
180   58
59   433
433   59
59   417
417   59
60   489
489   60
60   190
190   60
60   265
265   60
60   305
305   60
60   351
351   60
61   269
269   61
62   181
181   62
62   473
473   62
63   45
45   63
64   457
457   64
65   470
470   65
66   481
481   66
66   362
362   66
67   458
458   67
68   380
380   68
69   240
240   69
69   115
115   69
69   430
430   69
69   311
311   69
70   34
34   70
70   321
321   70
70   137
137   70
70   198
198   70
71   25
25   71
71   129
129   71
71   244
244   71
71   353
353   71
72   10
10   72
73   345
345   73
73   470
470   73
74   2
2   74
74   268
268   74
75   76
76   75
75   239
239   75
75   471
471   75
76   75
75   76
76   357
357   76
77   123
123   77
77   111
111   77
77   449
449   77
77   388
388   77
78   168
168   78
78   173
173   78
79   47
47   79
79   131
131   79
79   135
135   79
79   408
408   79
79   383
383   79
79   391
391   79
80   25
25   80
80   120
120   80
81   200
200   81
82   309
309   82
82   295
295   82
83   454
454   83
84   427
427   84
85   412
412   85
85   147
147   85
86   430
430   86
87   136
136   87
87   101
101   87
87   458
458   87
88   382
382   88
89   1
1   89
90   125
125   90
90   306
306   90
91   149
149   91
91   125
125   91
92   15
15   92
93   481
481   93
93   178
178   93
93   195
195   93
93   424
424   93
94   433
433   94
94   309
309   94
95   223
223   95
95   192
192   95
95   481
481   95
96   26
26   96
96   426
426   96
96   300
300   96
97   211
211   97
98   206
206   98
98   367
367   98
99   4
4   99
99   422
422   99
99   374
374   99
100   321
321   100
101   87
87   101
101   121
121   101
101   220
220   101
101   347
347   101
101   350
350   101
101   455
455   101
102   308
308   102
102   210
210   102
103   41
41   103
103   469
469   103
103   223
223   103
104   145
145   104
104   139
139   104
104   339
339   104
104   316
316   104
105   148
148   105
105   459
459   105
106   343
343   106
106   128
128   106
106   305
305   106
107   45
45   107
107   18
18   107
107   369
369   107
107   368
368   107
108   328
328   108
108   172
172   108
108   241
241   108
109   403
403   109
110   383
383   110
111   49
49   111
111   77
77   111
111   302
302   111
111   400
400   111
112   42
42   112
112   331
331   112
112   119
119   112
113   50
50   113
114   245
245   114
115   69
69   115
115   123
123   115
116   396
396   116
117   208
208   117
118   479
479   118
118   326
326   118
119   112
112   119
119   314
314   119
119   418
418   119
120   80
80   120
120   306
306   120
120   382
382   120
121   43
43   121
121   101
101   121
121   232
232   121
121   345
345   121
122   162
162   122
122   375
375   122
123   77
77   123
123   115
115   123
123   264
264   123
124   473
473   124
124   218
218   124
124   323
323   124
125   90
90   125
125   91
91   125
125   495
495   125
126   297
297   126
126   420
420   126
126   321
321   126
127   166
166   127
127   315
315   127
127   352
352   127
128   106
106   128
129   71
71   129
129   354
354   129
130   169
169   130
131   79
79   131
132   451
451   132
133   257
257   133
134   219
219   134
134   328
328   134
134   434
434   134
134   452
452   134
135   79
79   135
135   278
278   135
136   87
87   136
136   447
447   136
136   277
277   136
136   288
288   136
136   413
413   136
137   70
70   137
138   198
198   138
138   340
340   138
139   104
104   139
139   491
491   139
139   344
344   139
140   401
401   140
140   154
154   140
141   308
308   141
141   379
379   141
141   350
350   141
142   376
376   142
142   149
149   142
142   388
388   142
142   466
466   142
142   353
353   142
143   411
411   143
143   490
490   143
144   35
35   144
144   428
428   144
145   104
104   145
145   377
377   145
146   425
425   146
146   313
313   146
147   85
85   147
147   159
159   147
147   279
279   147
147   342
342   147
148   105
105   148
148   32
32   148
148   298
298   148
149   91
91   149
149   142
142   149
150   32
32   150
150   423
423   150
150   286
286   150
151   410
410   151
151   201
201   151
151   360
360   151
152   311
311   152
152   246
246   152
153   467
467   153
154   140
140   154
154   401
401   154
155   338
338   155
156   391
391   156
156   361
361   156
157   324
324   157
157   184
184   157
158   373
373   158
159   19
19   159
159   147
147   159
159   219
219   159
160   203
203   160
160   478
478   160
161   9
9   161
161   37
37   161
161   282
282   161
162   122
122   162
162   414
414   162
163   36
36   163
163   253
253   163
163   381
381   163
164   181
181   164
165   471
471   165
165   171
171   165
165   272
272   165
165   294
294   165
165   396
396   165
166   127
127   166
166   392
392   166
166   456
456   166
167   397
397   167
167   343
343   167
167   366
366   167
167   384
384   167
168   78
78   168
168   480
480   168
168   358
358   168
168   336
336   168
169   130
130   169
169   300
300   169
169   216
216   169
170   237
237   170
170   194
194   170
170   404
404   170
170   421
421   170
171   165
165   171
172   13
13   172
172   108
108   172
172   262
262   172
172   357
357   172
173   78
78   173
173   425
425   173
174   396
396   174
174   251
251   174
174   282
282   174
175   180
180   175
176   308
308   176
177   253
253   177
177   348
348   177
178   93
93   178
179   346
346   179
180   175
175   180
180   58
58   180
181   62
62   181
181   164
164   181
181   297
297   181
182   386
386   182
183   196
196   183
184   157
157   184
184   476
476   184
185   21
21   185
185   15
15   185
186   255
255   186
186   400
400   186
187   18
18   187
187   30
30   187
187   330
330   187
188   216
216   188
189   407
407   189
189   199
199   189
190   60
60   190
190   229
229   190
191   474
474   191
191   351
351   191
192   55
55   192
192   95
95   192
192   280
280   192
192   348
348   192
193   32
32   193
193   436
436   193
194   170
170   194
195   93
93   195
196   183
183   196
196   233
233   196
197   41
41   197
198   138
138   198
198   70
70   198
199   189
189   199
199   377
377   199
200   81
81   200
200   293
293   200
201   151
151   201
201   499
499   201
202   210
210   202
203   160
160   203
203   9
9   203
203   423
423   203
204   333
333   204
204   494
494   204
204   339
339   204
205   468
468   205
205   372
372   205
206   98
98   206
206   457
457   206
206   318
318   206
207   34
34   207
208   117
117   208
208   236
236   208
208   394
394   208
209   374
374   209
210   202
202   210
210   102
102   210
211   97
97   211
211   322
322   211
211   242
242   211
211   313
313   211
212   283
283   212
212   380
380   212
213   218
218   213
214   263
263   214
215   327
327   215
216   39
39   216
216   188
188   216
216   169
169   216
216   319
319   216
216   443
443   216
217   389
389   217
217   450
450   217
218   213
213   218
218   124
124   218
218   325
325   218
218   479
479   218
219   134
134   219
219   159
159   219
219   355
355   219
220   101
101   220
221   8
8   221
221   20
20   221
221   257
257   221
221   252
252   221
221   390
390   221
221   417
417   221
222   272
272   222
223   95
95   223
223   103
103   223
224   445
445   224
224   352
352   224
225   47
47   225
225   33
33   225
225   380
380   225
226   369
369   226
226   431
431   226
227   55
55   227
228   281
281   228
228   364
364   228
229   23
23   229
229   190
190   229
230   277
277   230
231   268
268   231
231   396
396   231
232   121
121   232
233   196
196   233
233   245
245   233
233   240
240   233
234   484
484   234
234   426
426   234
234   370
370   234
235   28
28   235
235   57
57   235
235   237
237   235
236   208
208   236
236   399
399   236
236   454
454   236
237   170
170   237
237   235
235   237
237   454
454   237
237   347
347   237
238   248
248   238
238   261
261   238
239   75
75   239
240   69
69   240
240   233
233   240
241   108
108   241
241   355
355   241
242   12
12   242
242   211
211   242
242   310
310   242
243   383
383   243
243   422
422   243
244   71
71   244
244   324
324   244
244   483
483   244
245   114
114   245
245   233
233   245
245   468
468   245
245   329
329   245
245   368
368   245
246   152
152   246
246   439
439   246
247   479
479   247
247   364
364   247
248   238
238   248
248   46
46   248
248   361
361   248
249   273
273   249
250   279
279   250
250   371
371   250
250   411
411   250
251   174
174   251
252   221
221   252
253   163
163   253
253   177
177   253
253   345
345   253
253   415
415   253
253   325
325   253
253   332
332   253
254   7
7   254
254   495
495   254
254   425
425   254
255   186
186   255
255   362
362   255
255   291
291   255
255   312
312   255
255   488
488   255
255   342
342   255
256   57
57   256
257   133
133   257
257   221
221   257
257   393
393   257
257   329
329   257
258   22
22   258
259   312
312   259
260   33
33   260
261   238
238   261
261   493
493   261
262   172
172   262
262   292
292   262
262   410
410   262
263   214
214   263
263   429
429   263
264   123
123   264
264   266
266   264
264   274
274   264
265   60
60   265
265   393
393   265
266   264
264   266
266   467
467   266
267   271
271   267
267   480
480   267
267   363
363   267
268   74
74   268
268   231
231   268
268   403
403   268
269   24
24   269
269   61
61   269
269   37
37   269
269   309
309   269
269   460
460   269
270   320
320   270
271   267
267   271
271   384
384   271
272   222
222   272
272   165
165   272
273   249
249   273
273   275
275   273
273   357
357   273
273   322
322   273
274   264
264   274
274   446
446   274
275   273
273   275
275   325
325   275
275   441
441   275
275   447
447   275
276   41
41   276
276   320
320   276
276   338
338   276
276   457
457   276
277   31
31   277
277   230
230   277
277   136
136   277
278   135
135   278
279   250
250   279
279   147
147   279
280   16
16   280
280   192
192   280
280   367
367   280
280   403
403   280
281   228
228   281
281   3
3   281
282   161
161   282
282   174
174   282
283   212
212   283
283   406
406   283
284   366
366   284
284   360
360   284
285   300
300   285
285   372
372   285
285   414
414   285
286   150
150   286
287   462
462   287
287   359
359   287
288   136
136   288
289   428
428   289
290   425
425   290
290   358
358   290
291   38
38   291
291   255
255   291
292   262
262   292
293   200
200   293
293   10
10   293
293   327
327   293
294   165
165   294
295   82
82   295
296   401
401   296
297   126
126   297
297   181
181   297
297   470
470   297
298   148
148   298
299   445
445   299
299   428
428   299
300   169
169   300
300   285
285   300
300   96
96   300
301   409
409   301
302   111
111   302
303   365
365   303
303   419
419   303
304   14
14   304
304   391
391   304
305   60
60   305
305   335
335   305
305   106
106   305
306   120
120   306
306   90
90   306
306   357
357   306
306   402
402   306
306   420
420   306
307   44
44   307
307   318
318   307
307   469
469   307
308   102
102   308
308   141
141   308
308   176
176   308
308   10
10   308
308   337
337   308
309   82
82   309
309   269
269   309
309   94
94   309
309   415
415   309
310   242
242   310
310   474
474   310
310   420
420   310
310   404
404   310
311   152
152   311
311   9
9   311
311   69
69   311
311   356
356   311
312   259
259   312
312   255
255   312
312   475
475   312
312   429
429   312
313   211
211   313
313   146
146   313
314   403
403   314
314   119
119   314
314   349
349   314
315   127
127   315
315   430
430   315
316   21
21   316
316   104
104   316
317   321
321   317
317   319
319   317
318   307
307   318
318   206
206   318
318   451
451   318
319   216
216   319
319   472
472   319
319   317
317   319
319   470
470   319
319   324
324   319
319   405
405   319
320   270
270   320
320   276
276   320
320   441
441   320
321   70
70   321
321   100
100   321
321   317
317   321
321   370
370   321
321   126
126   321
322   211
211   322
322   346
346   322
322   392
392   322
322   486
486   322
322   489
489   322
322   273
273   322
323   124
124   323
323   494
494   323
324   157
157   324
324   244
244   324
324   319
319   324
325   275
275   325
325   218
218   325
325   253
253   325
326   118
118   326
326   415
415   326
327   215
215   327
327   293
293   327
327   384
384   327
328   108
108   328
328   134
134   328
328   369
369   328
329   245
245   329
329   257
257   329
330   187
187   330
330   400
400   330
331   112
112   331
331   335
335   331
331   36
36   331
331   343
343   331
331   369
369   331
332   52
52   332
332   253
253   332
333   204
204   333
333   349
349   333
333   422
422   333
334   44
44   334
334   421
421   334
334   11
11   334
335   10
10   335
335   331
331   335
335   305
305   335
335   363
363   335
335   380
380   335
336   427
427   336
336   168
168   336
337   357
357   337
337   373
373   337
337   308
308   337
337   418
418   337
338   155
155   338
338   276
276   338
338   440
440   338
338   0
0   338
339   104
104   339
339   390
390   339
339   204
204   339
340   138
138   340
340   492
492   340
340   36
36   340
341   496
496   341
341   388
388   341
342   147
147   342
342   255
255   342
343   106
106   343
343   167
167   343
343   331
331   343
344   443
443   344
344   139
139   344
344   366
366   344
345   73
73   345
345   253
253   345
345   121
121   345
345   9
9   345
346   179
179   346
346   322
322   346
346   398
398   346
346   414
414   346
347   101
101   347
347   237
237   347
348   177
177   348
348   192
192   348
349   22
22   349
349   333
333   349
349   421
421   349
349   464
464   349
349   314
314   349
350   101
101   350
350   141
141   350
351   60
60   351
351   469
469   351
351   191
191   351
352   127
127   352
352   224
224   352
353   71
71   353
353   142
142   353
354   43
43   354
354   375
375   354
354   129
129   354
355   219
219   355
355   241
241   355
356   379
379   356
356   438
438   356
356   311
311   356
357   76
76   357
357   337
337   357
357   273
273   357
357   306
306   357
357   172
172   357
357   392
392   357
358   168
168   358
358   290
290   358
359   287
287   359
359   420
420   359
360   29
29   360
360   151
151   360
360   284
284   360
361   248
248   361
361   156
156   361
361   373
373   361
362   255
255   362
362   66
66   362
362   418
418   362
363   335
335   363
363   267
267   363
364   228
228   364
364   247
247   364
365   303
303   365
365   469
469   365
365   26
26   365
366   284
284   366
366   167
167   366
366   344
344   366
367   98
98   367
367   435
435   367
367   280
280   367
368   54
54   368
368   245
245   368
368   107
107   368
369   226
226   369
369   107
107   369
369   328
328   369
369   331
331   369
370   15
15   370
370   321
321   370
370   411
411   370
370   234
234   370
371   250
250   371
371   11
11   371
372   205
205   372
372   285
285   372
373   158
158   373
373   337
337   373
373   361
361   373
374   209
209   374
374   419
419   374
374   99
99   374
375   354
354   375
375   122
122   375
376   142
142   376
376   384
384   376
376   456
456   376
377   145
145   377
377   413
413   377
377   199
199   377
378   46
46   378
378   414
414   378
378   40
40   378
379   356
356   379
379   141
141   379
379   13
13   379
380   68
68   380
380   212
212   380
380   335
335   380
380   225
225   380
381   163
163   381
381   461
461   381
382   27
27   382
382   88
88   382
382   120
120   382
382   418
418   382
383   110
110   383
383   243
243   383
383   466
466   383
383   79
79   383
383   407
407   383
384   271
271   384
384   376
376   384
384   463
463   384
384   327
327   384
384   167
167   384
385   456
456   385
385   22
22   385
386   182
182   386
386   37
37   386
386   465
465   386
387   441
441   387
387   15
15   387
388   142
142   388
388   341
341   388
388   77
77   388
389   217
217   389
389   56
56   389
389   407
407   389
389   408
408   389
390   339
339   390
390   221
221   390
390   398
398   390
391   56
56   391
391   156
156   391
391   304
304   391
391   448
448   391
391   79
79   391
392   166
166   392
392   322
322   392
392   357
357   392
393   257
257   393
393   474
474   393
393   265
265   393
394   208
208   394
394   418
418   394
394   22
22   394
395   451
451   395
395   18
18   395
396   116
116   396
396   174
174   396
396   231
231   396
396   165
165   396
397   167
167   397
397   411
411   397
398   346
346   398
398   463
463   398
398   406
406   398
398   390
390   398
399   236
236   399
399   466
466   399
399   56
56   399
400   186
186   400
400   330
330   400
400   111
111   400
401   140
140   401
401   296
296   401
401   6
6   401
401   154
154   401
402   458
458   402
402   306
306   402
403   3
3   403
403   109
109   403
403   268
268   403
403   314
314   403
403   412
412   403
403   482
482   403
403   280
280   403
404   170
170   404
404   310
310   404
405   51
51   405
405   319
319   405
406   283
283   406
406   398
398   406
406   33
33   406
407   189
189   407
407   53
53   407
407   389
389   407
407   383
383   407
408   79
79   408
408   389
389   408
409   301
301   409
409   499
499   409
409   495
495   409
410   151
151   410
410   431
431   410
410   262
262   410
411   143
143   411
411   370
370   411
411   250
250   411
411   412
412   411
411   397
397   411
411   440
440   411
412   85
85   412
412   403
403   412
412   411
411   412
412   493
493   412
413   377
377   413
413   136
136   413
413   486
486   413
414   162
162   414
414   378
378   414
414   495
495   414
414   346
346   414
414   285
285   414
415   253
253   415
415   326
326   415
415   309
309   415
416   46
46   416
416   455
455   416
417   59
59   417
417   221
221   417
418   394
394   418
418   437
437   418
418   337
337   418
418   362
362   418
418   382
382   418
418   119
119   418
419   374
374   419
419   449
449   419
419   303
303   419
420   126
126   420
420   429
429   420
420   310
310   420
420   359
359   420
420   306
306   420
421   349
349   421
421   334
334   421
421   463
463   421
421   485
485   421
421   170
170   421
422   99
99   422
422   333
333   422
422   243
243   422
423   150
150   423
423   203
203   423
423   446
446   423
424   93
93   424
424   451
451   424
425   146
146   425
425   290
290   425
425   173
173   425
425   254
254   425
426   40
40   426
426   96
96   426
426   234
234   426
426   477
477   426
426   452
452   426
427   4
4   427
427   84
84   427
427   336
336   427
427   46
46   427
428   144
144   428
428   289
289   428
428   299
299   428
428   465
465   428
429   263
263   429
429   420
420   429
429   312
312   429
430   86
86   430
430   69
69   430
430   315
315   430
431   410
410   431
431   226
226   431
432   487
487   432
433   59
59   433
433   94
94   433
433   55
55   433
434   134
134   434
435   367
367   435
436   193
193   436
437   418
418   437
438   356
356   438
439   246
246   439
440   338
338   440
440   468
468   440
440   411
411   440
441   387
387   441
441   275
275   441
441   320
320   441
442   50
50   442
442   2
2   442
443   17
17   443
443   344
344   443
443   216
216   443
444   473
473   444
445   224
224   445
445   299
299   445
445   36
36   445
446   53
53   446
446   274
274   446
446   497
497   446
446   423
423   446
447   136
136   447
447   275
275   447
448   391
391   448
449   6
6   449
449   419
419   449
449   77
77   449
450   217
217   450
451   132
132   451
451   395
395   451
451   467
467   451
451   318
318   451
451   424
424   451
452   134
134   452
452   426
426   452
453   28
28   453
454   83
83   454
454   237
237   454
454   236
236   454
455   14
14   455
455   101
101   455
455   416
416   455
456   385
385   456
456   166
166   456
456   376
376   456
457   64
64   457
457   206
206   457
457   276
276   457
458   67
67   458
458   402
402   458
458   87
87   458
459   105
105   459
460   269
269   460
461   7
7   461
461   381
381   461
462   287
287   462
462   34
34   462
463   384
384   463
463   398
398   463
463   421
421   463
464   349
349   464
465   428
428   465
465   386
386   465
466   383
383   466
466   399
399   466
466   142
142   466
467   153
153   467
467   451
451   467
467   266
266   467
468   205
205   468
468   245
245   468
468   440
440   468
469   103
103   469
469   365
365   469
469   351
351   469
469   307
307   469
470   65
65   470
470   297
297   470
470   73
73   470
470   319
319   470
471   165
165   471
471   75
75   471
471   487
487   471
472   319
319   472
473   124
124   473
473   444
444   473
473   62
62   473
474   191
191   474
474   393
393   474
474   310
310   474
475   312
312   475
475   484
484   475
476   184
184   476
477   426
426   477
478   160
160   478
479   118
118   479
479   247
247   479
479   218
218   479
480   168
168   480
480   267
267   480
481   66
66   481
481   93
93   481
481   95
95   481
482   403
403   482
483   244
244   483
484   234
234   484
484   475
475   484
485   5
5   485
485   421
421   485
486   51
51   486
486   322
322   486
486   413
413   486
487   432
432   487
487   471
471   487
488   255
255   488
489   60
60   489
489   322
322   489
490   143
143   490
491   139
139   491
492   340
340   492
493   1
1   493
493   261
261   493
493   412
412   493
494   204
204   494
494   323
323   494
495   254
254   495
495   414
414   495
495   125
125   495
495   409
409   495
496   341
341   496
496   499
499   496
497   446
446   497
498   38
38   498
499   409
409   499
499   496
496   499
499   201
201   499
